2.727558789252521709e+00
-1.963063798639980817e+01
-2.826076217766694398e+01
-2.504268044977703411e+01
-1.675382218982238314e+01
-8.132986504897150581e+00
-1.426276280891335846e+00
2.738276096159971473e+00
4.608191675331726245e+00
4.814482754924045871e+00
4.053264304005058882e+00
2.906069553756946089e+00
1.779154915283826632e+00
8.942028194586165712e-01
3.035053650180760121e-01
-4.260357072902338366e-02
-2.051047274442699686e-01
-2.361977338169292673e-01
-1.927776764807899168e-01
-1.134638843543896575e-01
-3.348892530342321983e-02
1.877455204961563789e-02
3.341672008159904395e-02
1.820931348783124543e-02
-5.678160001595855197e-03
-2.295280021418163660e-02
-3.212021357346607486e-02
-3.492651834669668887e-02
-3.526915063690588131e-02
-3.583021523864125812e-02
-3.207023592550143493e-02
-2.241851050841773066e-02
-5.504021354603955141e-03
1.544018612652891566e-02
3.084877201094552227e-02
3.425160583131238445e-02
2.341477637438330386e-02
3.313873184863264944e-04
-1.896051506243132123e-02
-2.771592133094390176e-02
-2.359970245442172959e-02
-9.786691433069743401e-03
2.200976834560810537e-03
9.435512290985218625e-03
1.245489968023798244e-02
1.090680246537699231e-02
6.050762345299730977e-03
5.055486370599345143e-03
9.330681869118446006e-03
1.088281759542338890e-02
-2.126895699943844378e-03
-2.886066934573744414e-02
-5.725062619309052858e-02
-7.050371495106647068e-02
-5.841330907816343759e-02
-2.995812791548474810e-02
-3.971983100925347183e-03
4.988413782867341835e-03
-1.536781526719552390e-03
-1.235423631183732440e-02
-1.255851932094228900e-02
2.817054751941635952e-03
1.247067293273934098e-02
-4.450152580496111003e-03
-3.562344541832414280e-02
-6.044302264951059711e-02
-6.945817349176676425e-02
-6.312254001443710905e-02
-5.009089942762433995e-02
-3.457728373848206749e-02
-1.350970931673378672e-02
1.072637102821826817e-02
2.525127965300853414e-02
2.930129667880148475e-02
3.029781600625990057e-02
2.385327611330941011e-02
5.512054501882904765e-03
-1.910306232429758583e-02
-4.517103365471287352e-02
-5.958290876842230882e-02
-5.263071349635393970e-02
-3.143777427854880374e-02
-6.932793099597890293e-03
1.194862243345075868e-02
2.066015601021097339e-02
2.137063263483585454e-02
1.591548635813310256e-02
6.509882807281331014e-03
-9.332706089627612264e-03
-2.634075277670114984e-02
-3.799186204770088615e-02
-4.490899115159967953e-02
-4.330503142538261879e-02
-3.520705135580790013e-02
-2.645882082820463083e-02
-1.652800445905253796e-02
-5.839481596945968883e-03
2.868849071302983188e-03
1.365117994150228005e-02
2.416941392523706475e-02
