1603.59405058
1326.77452718
801.45201024
397.39446740
216.96490753
159.54392961
145.34050306
141.92324935
139.92946173
136.94686910
132.28754968
125.64974240
117.16791625
108.04761784
99.80350781
92.56218336
85.49467091
78.41006336
71.38420117
64.58558728
58.55080631
53.50722988
49.20554355
45.15885131
41.10964890
37.24247514
33.72686805
30.59679814
27.85828229
25.32491334
22.82388979
20.28598052
17.71691505
15.35262913
13.40125977
11.90909462
10.81473096
9.72475763
8.39100041
6.90363522
5.34199535
3.91990524
2.64990252
1.38525363
0.19763572
-0.86767385
-2.02805784
-3.38653207
-4.60882069
-5.24220480
-5.25792673
-5.09374336
-5.26452369
-6.03695006
-7.11285856
-7.91560179
-8.16236441
-8.05828040
-8.04847618
-8.52455167
-9.49707845
-10.16449271
-9.77402570
-8.84473005
-8.26371617
-8.13232046
-8.14546254
-8.02401308
-7.78230738
-7.73369619
-7.92150987
-7.95324921
-7.77862869
-7.74704273
-7.70805152
-7.29037858
-6.56938678
-5.73434892
-5.09725305
-5.00035387
-5.24349560
-5.47767735
-5.62401773
-5.73036587
-5.90842383
-6.16376162
-6.35920875
-6.27291165
-5.87621952
-5.34448263
-4.69102508
-4.05620707
-3.56597828
-3.09856003
-2.69659508
-2.44185179
-2.27603546
-2.27236554
-2.21607553
-1.04978971
0.00000000
