6331.530070
5024.884984
2937.167036
1604.531777
1064.835852
900.501015
869.255869
869.275469
862.508036
840.264593
810.292266
781.473205
761.814730
750.190633
734.768713
709.692983
678.254706
646.906562
623.093207
603.965799
580.329787
553.034705
528.842457
507.560044
485.760374
461.375427
433.817403
407.797195
387.811467
373.523464
359.475727
341.507035
321.528253
305.287668
294.830716
283.044855
261.473128
233.768219
208.705597
188.657334
172.935483
163.092623
158.177300
153.027302
142.783250
123.294876
101.379974
88.551741
81.959050
71.443545
56.779757
43.210314
36.416012
31.991067
24.175576
14.739860
8.444700
3.718981
-4.030583
-14.712758
-23.096665
-27.768900
-33.165402
-42.007142
-49.049930
-53.130304
-56.427006
-59.362638
-61.287575
-59.568647
-54.734074
-50.677131
-52.469609
-61.566542
-69.768342
-72.686023
-73.144178
-75.169308
-78.132129
-82.051145
-89.239796
-97.313228
-102.065780
-101.344537
-95.935856
-89.369459
-85.479824
-86.588092
-91.286774
-96.425342
-99.001446
-94.936230
-88.567228
-88.431640
-91.607785
-91.805360
-87.593552
-82.248818
-79.421223
-71.480786
0.000000
