1.02135753
1.24478729
1.03168715
0.84704123
1.88495324
1.47927215
0.73124886
0.74091609
2.63305847
2.73922062
0.52966648
0.60008644
1.67513949
1.21465854
-1.16290977
0.53686405
2.20697527
1.82684524
0.41240333
2.80645027
4.39644125
0.00000000
-3.31075580
-2.46708372
0.04339438
-1.41873516
-0.91395163
-1.00423499
-0.28761633
-1.90770537
-2.97038987
-2.50454918
-3.08511230
-4.35123425
-5.21731735
-3.84233621
-0.42599139
1.19087483
-7.31148179
-19.18374411
-22.92720184
-16.98523467
-7.43559272
-1.26597180
1.03950425
1.54797023
2.44148498
3.88641165
3.40069579
0.97821291
0.42750571
1.81126238
-0.41427749
-3.07306953
-1.93717277
-2.96239411
-0.80156405
1.21786783
-0.08591482
-2.47623387
-2.05185218
-3.68775907
-3.41174664
-2.88673647
-1.96450596
-1.95909093
-0.98261151
-0.07191643
-0.46028167
-0.99760204
-0.15503213
-2.01306272
-0.62146520
-1.13715350
-1.48827521
-0.78243209
-1.25453605
-0.37846021
-0.26541226
-0.39010003
0.00000000
0.04284092
0.33989450
0.01798975
0.00003214
-0.30292570
-0.37941027
0.26667894
-0.38375491
0.02416441
-0.48149886
-0.28559409
-0.54832172
-0.48860266
-0.41768251
-0.56426449
-0.26046690
-0.16926414
-0.52491039
0.00560755
-0.35758406
